roadname	linkid	linkLoc	linkSpeed	linkCongestIndex	linkLength	Roadlength	RoadCongestLength	RoadCongestIndex	RoadAvgSpeed	title
北清路-东向西-朱辛庄西路至二拨子工业园区东路_131_morning	15257703660	116.310671,40.102291,116.310583,40.102276	5.616217217	8.445186176	0.008	10	0.237366621	3.036263434	25.87324754	北清路-东向西-朱辛庄西路至二拨子工业园区东路_131_morning
北清路-东向西-朱辛庄西路至二拨子工业园区东路_131_morning	15258001690	116.305117,40.10128,116.304656,40.101215,116.304477,40.101184,116.303967,40.101128	23.54838388	1.859575597	0.099	10	0.237366621	3.036263434	25.87324754	北清路-东向西-朱辛庄西路至二拨子工业园区东路_131_morning
北清路-东向西-朱辛庄西路至二拨子工业园区东路_131_morning	15258121600	116.310583,40.102276,116.308901,40.101917	4.792612765	9.706605203	0.148	10	0.237366621	3.036263434	25.87324754	北清路-东向西-朱辛庄西路至二拨子工业园区东路_131_morning
北清路-东向西-朱辛庄西路至二拨子工业园区东路_131_morning	15258491750	116.303126,40.101002,116.30215,40.100867	23.54838388	1.857027651	0.084	10	0.237366621	3.036263434	25.87324754	北清路-东向西-朱辛庄西路至二拨子工业园区东路_131_morning
北清路-东向西-朱辛庄西路至二拨子工业园区东路_131_morning	15260276680	116.308901,40.101917,116.306877,40.101492,116.305679,40.101345	4.937911247	9.394660552	0.281	10	0.237366621	3.036263434	25.87324754	北清路-东向西-朱辛庄西路至二拨子工业园区东路_131_morning
北清路-东向西-朱辛庄西路至二拨子工业园区东路_131_morning	15260588320	116.30215,40.100867,116.30047,40.100657,116.299283,40.100421,116.297725,40.099846	8.821590428	5.845884642	0.396	10	0.237366621	3.036263434	25.87324754	北清路-东向西-朱辛庄西路至二拨子工业园区东路_131_morning
北清路-东向西-朱辛庄西路至二拨子工业园区东路_131_morning	15625567790	116.308901,40.101917,116.306877,40.101492,116.305679,40.101345,116.305308,40.101308,116.305117,40.10128	4.937911247	9.394660552	0.331	10	0.237366621	3.036263434	25.87324754	北清路-东向西-朱辛庄西路至二拨子工业园区东路_131_morning
北清路-东向西-朱辛庄西路至二拨子工业园区东路_131_morning	15625579180	116.305679,40.101345,116.305308,40.101308	4.937911247	9.394660552	0.032	10	0.237366621	3.036263434	25.87324754	北清路-东向西-朱辛庄西路至二拨子工业园区东路_131_morning
北四环中路-东向西-安定路至北辰西路_131_morning	15259351240	116.402876,39.994599,116.400699,39.994495,116.400135,39.994475,116.399635,39.994448,116.397747,39.994384	14.08789607	5.097993316	0.438	10	0.365852811	2.718342533	41.31518887	北四环中路-东向西-安定路至北辰西路_131_morning
北四环中路-东向西-安定路至北辰西路_131_morning	15259356720	116.414059,39.99487,116.414021,39.994869,116.413852,39.994868,116.412818,39.994845,116.412246,39.99484	19.0185906	3.813636957	0.154	10	0.365852811	2.718342533	41.31518887	北四环中路-东向西-安定路至北辰西路_131_morning
北四环中路-东向西-安定路至北辰西路_131_morning	15259412910	116.397747,39.994384,116.395714,39.994328	16.26631853	4.320584273	0.174	10	0.365852811	2.718342533	41.31518887	北四环中路-东向西-安定路至北辰西路_131_morning
北四环中路-东向西-安定路至北辰西路_131_morning	15259412980	116.412246,39.99484,116.411315,39.994818	19.0185906	3.789450097	0.079	10	0.365852811	2.718342533	41.31518887	北四环中路-东向西-安定路至北辰西路_131_morning
北四环中路-东向西-安定路至北辰西路_131_morning	15259415230	116.410516,39.994848,116.410457,39.994847,116.408944,39.994804	15.6291951	4.611241944	0.134	10	0.365852811	2.718342533	41.31518887	北四环中路-东向西-安定路至北辰西路_131_morning
北四环中路-东向西-安定路至北辰西路_131_morning	15259419550	116.395714,39.994328,116.394831,39.994333,116.393991,39.994349,116.393867,39.994344,116.393697,39.994334	19.77138308	3.554632457	0.173	10	0.365852811	2.718342533	41.31518887	北四环中路-东向西-安定路至北辰西路_131_morning
北四环中路-东向西-安定路至北辰西路_131_morning	15259420760	116.411315,39.994818,116.410516,39.994848	19.114789	3.77037905	0.068	10	0.365852811	2.718342533	41.31518887	北四环中路-东向西-安定路至北辰西路_131_morning
北四环中路-东向西-安定路至北辰西路_131_morning	15259422760	116.408944,39.994804,116.408107,39.994774,116.407154,39.994751,116.40415,39.994667	11.74141805	6.204531659	0.409	10	0.365852811	2.718342533	41.31518887	北四环中路-东向西-安定路至北辰西路_131_morning
北四环中路-东向西-安定路至北辰西路_131_morning	15421594270	116.40415,39.994667,116.40354,39.994636	12.0431708	5.963545748	0.052	10	0.365852811	2.718342533	41.31518887	北四环中路-东向西-安定路至北辰西路_131_morning
北四环中路-东向西-安定路至北辰西路_131_morning	15421794350	116.40354,39.994636,116.402876,39.994599	12.0431708	5.963545748	0.057	10	0.365852811	2.718342533	41.31518887	北四环中路-东向西-安定路至北辰西路_131_morning
北五环路-西向东-厢红旗路至万泉河路_131_morning	15419401130	116.285251,40.018656,116.285352,40.018671,116.285818,40.018741	15.65740502	5.304838182	0.049	10	0.362769632	4.326173358	39.91263319	北五环路-西向东-厢红旗路至万泉河路_131_morning
北五环路-西向东-厢红旗路至万泉河路_131_morning	15419425200	116.300991,40.020397,116.301138,40.020411	21.21424091	3.838930666	0.013	10	0.362769632	4.326173358	39.91263319	北五环路-西向东-厢红旗路至万泉河路_131_morning
北五环路-西向东-厢红旗路至万泉河路_131_morning	15419449640	116.270004,40.009343,116.270046,40.009347,116.270678,40.009465	12.04152341	7.097108657	0.059	10	0.362769632	4.326173358	39.91263319	北五环路-西向东-厢红旗路至万泉河路_131_morning
北五环路-西向东-厢红旗路至万泉河路_131_morning	15419468790	116.294109,40.019667,116.294822,40.019744	15.37666871	5.477129123	0.061	10	0.362769632	4.326173358	39.91263319	北五环路-西向东-厢红旗路至万泉河路_131_morning
北五环路-西向东-厢红旗路至万泉河路_131_morning	15419471770	116.287953,40.018985,116.289709,40.019183	15.30856264	5.571391777	0.151	10	0.362769632	4.326173358	39.91263319	北五环路-西向东-厢红旗路至万泉河路_131_morning
北五环路-西向东-厢红旗路至万泉河路_131_morning	15419500400	116.270678,40.009465,116.270991,40.009523	12.04152341	6.74831558	0.028	10	0.362769632	4.326173358	39.91263319	北五环路-西向东-厢红旗路至万泉河路_131_morning
北五环路-西向东-厢红旗路至万泉河路_131_morning	15419504030	116.266524,40.009121,116.26945,40.009291	11.64958944	7.335880844	0.252	10	0.362769632	4.326173358	39.91263319	北五环路-西向东-厢红旗路至万泉河路_131_morning
北五环路-西向东-厢红旗路至万泉河路_131_morning	15419527140	116.26945,40.009291,116.270004,40.009343	12.04152341	7.097108657	0.048	10	0.362769632	4.326173358	39.91263319	北五环路-西向东-厢红旗路至万泉河路_131_morning
北五环路-西向东-厢红旗路至万泉河路_131_morning	15419547960	116.285818,40.018741,116.287953,40.018985	15.65740502	5.447262805	0.184	10	0.362769632	4.326173358	39.91263319	北五环路-西向东-厢红旗路至万泉河路_131_morning
北五环路-西向东-厢红旗路至万泉河路_131_morning	15685352140	116.294822,40.019744,116.297956,40.020079	14.03351834	5.682110366	0.269	10	0.362769632	4.326173358	39.91263319	北五环路-西向东-厢红旗路至万泉河路_131_morning
北五环路-西向东-厢红旗路至万泉河路_131_morning	15685352310	116.290608,40.019274,116.293515,40.019603,116.293563,40.019608,116.293809,40.019635,116.294003,40.019656,116.294109,40.019667	15.37666871	5.477129123	0.301	10	0.362769632	4.326173358	39.91263319	北五环路-西向东-厢红旗路至万泉河路_131_morning
北五环路-西向东-厢红旗路至万泉河路_131_morning	15685353020	116.274222,40.010554,116.274479,40.010671,116.275682,40.011583	17.78121368	4.492944151	0.169	10	0.362769632	4.326173358	39.91263319	北五环路-西向东-厢红旗路至万泉河路_131_morning
北五环路-西向东-厢红旗路至万泉河路_131_morning	15685354010	116.262481,40.008882,116.263379,40.008934,116.263577,40.008945,116.263742,40.008951,116.265923,40.009085	13.86731868	6.244898672	0.295	10	0.362769632	4.326173358	39.91263319	北五环路-西向东-厢红旗路至万泉河路_131_morning
北五环路-西向东-厢红旗路至万泉河路_131_morning	15685354550	116.289709,40.019183,116.290455,40.019257,116.290608,40.019274	15.24587106	5.594301542	0.077	10	0.362769632	4.326173358	39.91263319	北五环路-西向东-厢红旗路至万泉河路_131_morning
北五环路-西向东-厢红旗路至万泉河路_131_morning	15685354830	116.280088,40.017123,116.280433,40.01733,116.280726,40.017511,116.281295,40.017767,116.28193,40.018,116.282277,40.018095,116.283138,40.018323	15.99522969	5.192798205	0.294	10	0.362769632	4.326173358	39.91263319	北五环路-西向东-厢红旗路至万泉河路_131_morning
北五环路-西向东-厢红旗路至万泉河路_131_morning	15685354840	116.297956,40.020079,116.298206,40.020107,116.299738,40.02028,116.300991,40.020397	20.67207343	3.939614489	0.26	10	0.362769632	4.326173358	39.91263319	北五环路-西向东-厢红旗路至万泉河路_131_morning
北五环路-西向东-厢红旗路至万泉河路_131_morning	15685355490	116.275682,40.011583,116.275957,40.011791,116.275994,40.01182,116.276018,40.011854,116.276755,40.012906,116.27699,40.013241	17.77363664	4.494859528	0.216	10	0.362769632	4.326173358	39.91263319	北五环路-西向东-厢红旗路至万泉河路_131_morning
北五环路-西向东-厢红旗路至万泉河路_131_morning	15685356330	116.27699,40.013241,116.277271,40.013642,116.277516,40.014037,116.277867,40.014613,116.278113,40.015014,116.278575,40.01562	16.20940547	5.032263532	0.296	10	0.362769632	4.326173358	39.91263319	北五环路-西向东-厢红旗路至万泉河路_131_morning
北五环路-西向东-厢红旗路至万泉河路_131_morning	15685356390	116.283138,40.018323,116.283235,40.018349,116.285251,40.018656	16.04004732	5.178288964	0.184	10	0.362769632	4.326173358	39.91263319	北五环路-西向东-厢红旗路至万泉河路_131_morning
北五环路-西向东-厢红旗路至万泉河路_131_morning	15685356480	116.278575,40.01562,116.278864,40.015998,116.278957,40.016085,116.279821,40.016887,116.279888,40.016949,116.280088,40.017123	16.42330568	4.966722387	0.211	10	0.362769632	4.326173358	39.91263319	北五环路-西向东-厢红旗路至万泉河路_131_morning
朝阳北路-东向西-青年路至石佛营路_131_morning	15257757280	116.509622,39.92935,116.508428,39.92933	6.16666145	7.50811446	0.102	10	0.088112272	3.346628199	30.38686442	朝阳北路-东向西-青年路至石佛营路_131_morning
朝阳北路-东向西-青年路至石佛营路_131_morning	15258095660	116.511418,39.929384,116.510937,39.929379,116.509622,39.92935	6.16666145	8.805412855	0.154	10	0.088112272	3.346628199	30.38686442	朝阳北路-东向西-青年路至石佛营路_131_morning
朝阳北路-东向西-青年路至石佛营路_131_morning	15420471800	116.519828,39.929513,116.519584,39.929506	9.552889321	5.341839342	0.021	10	0.088112272	3.346628199	30.38686442	朝阳北路-东向西-青年路至石佛营路_131_morning
朝阳北路-东向西-青年路至石佛营路_131_morning	15625520230	116.519953,39.929516,116.519828,39.929513	9.552889321	5.341839342	0.011	10	0.088112272	3.346628199	30.38686442	朝阳北路-东向西-青年路至石佛营路_131_morning
朝阳北路-东向西-青年路至石佛营路_131_morning	15685160560	116.519272,39.929502,116.516613,39.929468	9.552889321	5.365915827	0.227	10	0.088112272	3.346628199	30.38686442	朝阳北路-东向西-青年路至石佛营路_131_morning
朝阳北路-东向西-青年路至石佛营路_131_morning	15685161420	116.516613,39.929468,116.515747,39.929456,116.514379,39.929443	5.399565328	10.94347349	0.191	10	0.088112272	3.346628199	30.38686442	朝阳北路-东向西-青年路至石佛营路_131_morning
朝阳北路-东向西-青年路至石佛营路_131_morning	15685161690	116.512124,39.929401,116.511418,39.929384	5.781182958	9.392541353	0.06	10	0.088112272	3.346628199	30.38686442	朝阳北路-东向西-青年路至石佛营路_131_morning
朝阳北路-东向西-青年路至石佛营路_131_morning	15685162970	116.514379,39.929443,116.512124,39.929401	5.781182958	9.963358784	0.193	10	0.088112272	3.346628199	30.38686442	朝阳北路-东向西-青年路至石佛营路_131_morning
东三环南路-南向北-弘燕路至八棵杨中街_131_morning	15259376640	116.467635,39.874701,116.467659,39.87487,116.467664,39.874902,116.467667,39.874927,116.46767,39.875028,116.467701,39.87612	9.647490542	7.166630503	0.158	10	0.35598769	2.284048281	47.68321989	东三环南路-南向北-弘燕路至八棵杨中街_131_morning
东三环南路-南向北-弘燕路至八棵杨中街_131_morning	15259406500	116.467616,39.874626,116.467635,39.874701,116.467659,39.87487,116.467664,39.874902,116.467667,39.874927,116.46767,39.875028,116.467701,39.87612	9.647490542	7.166630503	0.166	10	0.35598769	2.284048281	47.68321989	东三环南路-南向北-弘燕路至八棵杨中街_131_morning
东三环南路-南向北-弘燕路至八棵杨中街_131_morning	15259412820	116.46777,39.879825,116.467772,39.879913,116.467779,39.880249,116.467801,39.881576,116.467808,39.881828,116.46781,39.881942,116.467846,39.883396	7.610882245	9.360281463	0.397	10	0.35598769	2.284048281	47.68321989	东三环南路-南向北-弘燕路至八棵杨中街_131_morning
东三环南路-南向北-弘燕路至八棵杨中街_131_morning	15259413930	116.467871,39.885278,116.467883,39.886182	9.108435484	7.825712783	0.1	10	0.35598769	2.284048281	47.68321989	东三环南路-南向北-弘燕路至八棵杨中街_131_morning
东三环南路-南向北-弘燕路至八棵杨中街_131_morning	15259413990	116.467701,39.87612,116.467704,39.876272,116.467715,39.876971,116.467716,39.877058,116.467717,39.877106,116.467718,39.877146,116.467728,39.877819,116.467731,39.877998	9.384744745	7.367275496	0.209	10	0.35598769	2.284048281	47.68321989	东三环南路-南向北-弘燕路至八棵杨中街_131_morning
东三环南路-南向北-弘燕路至八棵杨中街_131_morning	15259415050	116.468012,39.892868,116.468044,39.893669,116.468047,39.89372,116.468054,39.89387	11.53041186	6.377916147	0.111	10	0.35598769	2.284048281	47.68321989	东三环南路-南向北-弘燕路至八棵杨中街_131_morning
东三环南路-南向北-弘燕路至八棵杨中街_131_morning	15259420020	116.467757,39.879447,116.467763,39.879637,116.46777,39.879825	9.695995582	7.457717919	0.042	10	0.35598769	2.284048281	47.68321989	东三环南路-南向北-弘燕路至八棵杨中街_131_morning
东三环南路-南向北-弘燕路至八棵杨中街_131_morning	15259421310	116.467883,39.886182,116.467887,39.887224	10.25431434	7.080922003	0.116	10	0.35598769	2.284048281	47.68321989	东三环南路-南向北-弘燕路至八棵杨中街_131_morning
东三环南路-南向北-弘燕路至八棵杨中街_131_morning	15421217520	116.46774,39.878472,116.467757,39.879447	9.302468064	7.773205939	0.108	10	0.35598769	2.284048281	47.68321989	东三环南路-南向北-弘燕路至八棵杨中街_131_morning
东三环南路-南向北-弘燕路至八棵杨中街_131_morning	15421218900	116.467731,39.877998,116.46774,39.878472	9.302468064	7.773205939	0.053	10	0.35598769	2.284048281	47.68321989	东三环南路-南向北-弘燕路至八棵杨中街_131_morning
东三环南路-南向北-弘燕路至八棵杨中街_131_morning	15421278790	116.467861,39.88464,116.467871,39.885278	8.819029516	8.082521991	0.071	10	0.35598769	2.284048281	47.68321989	东三环南路-南向北-弘燕路至八棵杨中街_131_morning
东三环南路-南向北-弘燕路至八棵杨中街_131_morning	15421352670	116.467857,39.88437,116.46786,39.88456,116.467861,39.884595,116.467861,39.88464	8.819029516	8.082521991	0.03	10	0.35598769	2.284048281	47.68321989	东三环南路-南向北-弘燕路至八棵杨中街_131_morning
东三环南路-南向北-弘燕路至八棵杨中街_131_morning	15685181640	116.467963,39.889894,116.467963,39.889927,116.467963,39.889952,116.467964,39.889997,116.467964,39.890104,116.467964,39.890142,116.467964,39.890168,116.467969,39.890613,116.467969,39.891368,116.468,39.892551	11.58685021	6.310601992	0.295	10	0.35598769	2.284048281	47.68321989	东三环南路-南向北-弘燕路至八棵杨中街_131_morning
东三环南路-南向北-弘燕路至八棵杨中街_131_morning	15685182730	116.467887,39.887224,116.467888,39.887339,116.467889,39.887386,116.467894,39.887727,116.467933,39.889194,116.467949,39.88948,116.467963,39.889894	11.61253191	6.252727704	0.297	10	0.35598769	2.284048281	47.68321989	东三环南路-南向北-弘燕路至八棵杨中街_131_morning
东四环南路-南向北-垡头路至化工路_131_morning	15258793150	116.494881,39.87333,116.494903,39.873686,116.49491,39.873862	12.86754515	5.888458066	0.059	10	0.362883038	2.080545696	48.78535829	东四环南路-南向北-垡头路至化工路_131_morning
东四环南路-南向北-垡头路至化工路_131_morning	15259356380	116.496403,39.884378,116.496399,39.884769,116.496396,39.885017	15.08302227	4.939328384	0.071	10	0.362883038	2.080545696	48.78535829	东四环南路-南向北-垡头路至化工路_131_morning
东四环南路-南向北-垡头路至化工路_131_morning	15259410990	116.49636,39.885907,116.496356,39.886368,116.496356,39.886401,116.496442,39.887822,116.496423,39.888969,116.496422,39.889039	16.40707388	4.540724356	0.348	10	0.362883038	2.080545696	48.78535829	东四环南路-南向北-垡头路至化工路_131_morning
东四环南路-南向北-垡头路至化工路_131_morning	15259411610	116.496396,39.885017,116.49636,39.885907	16.40707388	4.540724356	0.099	10	0.362883038	2.080545696	48.78535829	东四环南路-南向北-垡头路至化工路_131_morning
东四环南路-南向北-垡头路至化工路_131_morning	15421165830	116.496403,39.884378,116.496399,39.884769	15.08302227	4.939328384	0.043	10	0.362883038	2.080545696	48.78535829	东四环南路-南向北-垡头路至化工路_131_morning
东四环南路-南向北-垡头路至化工路_131_morning	15421174570	116.495415,39.877223,116.495419,39.877247,116.495498,39.87776	10.45233003	7.22901016	0.06	10	0.362883038	2.080545696	48.78535829	东四环南路-南向北-垡头路至化工路_131_morning
东四环南路-南向北-垡头路至化工路_131_morning	15421185880	116.493894,39.866995,116.493942,39.867292	14.096735	5.15793196	0.033	10	0.362883038	2.080545696	48.78535829	东四环南路-南向北-垡头路至化工路_131_morning
东四环南路-南向北-垡头路至化工路_131_morning	15421185890	116.493942,39.867292,116.494022,39.867792,116.494083,39.868351	15.87579946	4.579926836	0.118	10	0.362883038	2.080545696	48.78535829	东四环南路-南向北-垡头路至化工路_131_morning
东四环南路-南向北-垡头路至化工路_131_morning	15421254910	116.495704,39.878957,116.49572,39.879062,116.495778,39.879547,116.495921,39.880491	10.22898153	7.386854671	0.171	10	0.362883038	2.080545696	48.78535829	东四环南路-南向北-垡头路至化工路_131_morning
东四环南路-南向北-垡头路至化工路_131_morning	15421290510	116.496435,39.889786,116.49643,39.890634	15.75270132	4.594132685	0.094	10	0.362883038	2.080545696	48.78535829	东四环南路-南向北-垡头路至化工路_131_morning
东四环南路-南向北-垡头路至化工路_131_morning	15421294260	116.495921,39.880491,116.496027,39.880965	10.22898153	7.386854671	0.053	10	0.362883038	2.080545696	48.78535829	东四环南路-南向北-垡头路至化工路_131_morning
东四环南路-南向北-垡头路至化工路_131_morning	15421327500	116.495498,39.87776,116.495665,39.87848,116.495704,39.878957	10.45233003	7.22901016	0.134	10	0.362883038	2.080545696	48.78535829	东四环南路-南向北-垡头路至化工路_131_morning
东四环南路-南向北-垡头路至化工路_131_morning	15421345070	116.496422,39.889039,116.496422,39.889119,116.496435,39.889786	15.75270132	4.594132685	0.083	10	0.362883038	2.080545696	48.78535829	东四环南路-南向北-垡头路至化工路_131_morning
东四环南路-南向北-垡头路至化工路_131_morning	15421369720	116.496027,39.880965,116.496179,39.881979,116.496185,39.882019,116.496215,39.882611,116.496222,39.882675,116.496315,39.883443,116.496403,39.884378	13.58753944	5.471189271	0.38	10	0.362883038	2.080545696	48.78535829	东四环南路-南向北-垡头路至化工路_131_morning
东四环南路-南向北-垡头路至化工路_131_morning	15685176950	116.495314,39.87648,116.495399,39.877122,116.495415,39.877223	10.45233003	7.22901016	0.083	10	0.362883038	2.080545696	48.78535829	东四环南路-南向北-垡头路至化工路_131_morning
东四环南路-南向北-垡头路至化工路_131_morning	15685177040	116.494505,39.871133,116.494865,39.873182,116.494881,39.87333	14.8999737	4.831552151	0.246	10	0.362883038	2.080545696	48.78535829	东四环南路-南向北-垡头路至化工路_131_morning
东四环南路-南向北-垡头路至化工路_131_morning	15685178510	116.494258,39.869536,116.494446,39.870727,116.494457,39.870792,116.494505,39.871133	15.65137197	4.645599129	0.178	10	0.362883038	2.080545696	48.78535829	东四环南路-南向北-垡头路至化工路_131_morning
东四环南路-南向北-垡头路至化工路_131_morning	15685185290	116.494083,39.868351,116.494258,39.869536	16.59339904	4.381862922	0.132	10	0.362883038	2.080545696	48.78535829	东四环南路-南向北-垡头路至化工路_131_morning
东五环路-南向北-广渠路至朝阳北路_131_morning	15259340360	116.550244,39.921397,116.550202,39.922042,116.550194,39.922162,116.550186,39.922289,116.550179,39.922398,116.550157,39.922778	20.22472703	4.084109509	0.153	10	0.429575192	3.495762627	33.05450284	东五环路-南向北-广渠路至朝阳北路_131_morning
东五环路-南向北-广渠路至朝阳北路_131_morning	15259340680	116.550405,39.919548,116.550362,39.919919	19.45579372	4.002406745	0.041	10	0.429575192	3.495762627	33.05450284	东五环路-南向北-广渠路至朝阳北路_131_morning
东五环路-南向北-广渠路至朝阳北路_131_morning	15259383180	116.550485,39.918874,116.550405,39.919548	19.45579372	4.002406745	0.075	10	0.429575192	3.495762627	33.05450284	东五环路-南向北-广渠路至朝阳北路_131_morning
东五环路-南向北-广渠路至朝阳北路_131_morning	15259414610	116.550362,39.919919,116.55027,39.921003,116.550244,39.921397	19.45579372	4.11085773	0.164	10	0.429575192	3.495762627	33.05450284	东五环路-南向北-广渠路至朝阳北路_131_morning
东五环路-南向北-广渠路至朝阳北路_131_morning	15337225770	116.55354,39.901832,116.553335,39.902846	13.93529526	5.67192862	0.114	10	0.429575192	3.495762627	33.05450284	东五环路-南向北-广渠路至朝阳北路_131_morning
东五环路-南向北-广渠路至朝阳北路_131_morning	15419967590	116.550656,39.917201,116.550508,39.918552,116.550485,39.918874	14.16482981	5.980304821	0.186	10	0.429575192	3.495762627	33.05450284	东五环路-南向北-广渠路至朝阳北路_131_morning
东五环路-南向北-广渠路至朝阳北路_131_morning	15625514320	116.550125,39.923249,116.549992,39.925577	19.80691721	4.170260275	0.259	10	0.429575192	3.495762627	33.05450284	东五环路-南向北-广渠路至朝阳北路_131_morning
东五环路-南向北-广渠路至朝阳北路_131_morning	15625517110	116.550157,39.922778,116.55014,39.922999,116.550125,39.923249	20.22472703	4.084109509	0.052	10	0.429575192	3.495762627	33.05450284	东五环路-南向北-广渠路至朝阳北路_131_morning
东五环路-南向北-广渠路至朝阳北路_131_morning	15639702590	116.551973,39.909559,116.551893,39.909992,116.55185,39.910184,116.551743,39.910741,116.551726,39.910829,116.551608,39.911465,116.551575,39.911645	15.92854935	5.281711356	0.233	10	0.429575192	3.495762627	33.05450284	东五环路-南向北-广渠路至朝阳北路_131_morning
东五环路-南向北-广渠路至朝阳北路_131_morning	15685153270	116.551973,39.909559,116.551893,39.909992,116.55185,39.910184,116.551743,39.910741,116.551726,39.910829,116.551608,39.911465	19.56821203	4.073443188	0.213	10	0.429575192	3.495762627	33.05450284	东五环路-南向北-广渠路至朝阳北路_131_morning
东五环路-南向北-广渠路至朝阳北路_131_morning	15685154060	116.551575,39.911645,116.551399,39.912433,116.551251,39.913088,116.55121,39.913322,116.551111,39.913888,116.551064,39.914155	12.47165022	6.745699129	0.282	10	0.429575192	3.495762627	33.05450284	东五环路-南向北-广渠路至朝阳北路_131_morning
东五环路-南向北-广渠路至朝阳北路_131_morning	15685154200	116.554271,39.897085,116.554242,39.897277,116.554149,39.897909,116.553972,39.899107,116.553951,39.899246,116.553942,39.89931,116.553926,39.899417,116.553888,39.899674	17.67420263	4.637267193	0.289	10	0.429575192	3.495762627	33.05450284	东五环路-南向北-广渠路至朝阳北路_131_morning
东五环路-南向北-广渠路至朝阳北路_131_morning	15685155430	116.553335,39.902846,116.553218,39.90342,116.553061,39.904154,116.553011,39.904383	13.83437313	5.713305492	0.173	10	0.429575192	3.495762627	33.05450284	东五环路-南向北-广渠路至朝阳北路_131_morning
东五环路-南向北-广渠路至朝阳北路_131_morning	15685156000	116.550711,39.916698,116.550665,39.917114,116.550656,39.917201	13.15339174	6.440164004	0.056	10	0.429575192	3.495762627	33.05450284	东五环路-南向北-广渠路至朝阳北路_131_morning
东五环路-南向北-广渠路至朝阳北路_131_morning	15685156130	116.553888,39.899674,116.55374,39.900677,116.553706,39.900904,116.553657,39.901239,116.55365,39.901287,116.55354,39.901832	12.38444175	6.617980984	0.241	10	0.429575192	3.495762627	33.05450284	东五环路-南向北-广渠路至朝阳北路_131_morning
东五环路-南向北-广渠路至朝阳北路_131_morning	15685156630	116.552467,39.907029,116.552201,39.908353,116.552053,39.909124,116.551973,39.909559	19.32519424	4.124667468	0.283	10	0.429575192	3.495762627	33.05450284	东五环路-南向北-广渠路至朝阳北路_131_morning
东五环路-南向北-广渠路至朝阳北路_131_morning	15685156720	116.553011,39.904383,116.552807,39.905338,116.552467,39.907029	19.14711441	4.128037172	0.297	10	0.429575192	3.495762627	33.05450284	东五环路-南向北-广渠路至朝阳北路_131_morning
东五环路-南向北-广渠路至朝阳北路_131_morning	15685157250	116.551064,39.914155,116.551035,39.914318,116.551032,39.914341,116.550892,39.91523,116.550838,39.915575,116.550824,39.915665,116.550746,39.91638,116.550711,39.916698	13.15339174	6.440164004	0.284	10	0.429575192	3.495762627	33.05450284	东五环路-南向北-广渠路至朝阳北路_131_morning
东五环路-南向北-广渠路至朝阳北路_131_morning	15685162000	116.549992,39.925577,116.549987,39.925664,116.549807,39.928135	24.12564631	3.456902208	0.284	10	0.429575192	3.495762627	33.05450284	东五环路-南向北-广渠路至朝阳北路_131_morning
二环-北向南-积水潭桥至阜成门外大街_131_morning	15259370170	116.362181,39.941266,116.36229,39.939317,116.362324,39.938512,116.362335,39.938255,116.362336,39.93821	25.59216954	2.839540426	0.34	10	1.03265929	3.615904767	32.76496795	二环-北向南-积水潭桥至阜成门外大街_131_morning
二环-北向南-积水潭桥至阜成门外大街_131_morning	15259410790	116.362336,39.93821,116.362339,39.938157,116.362345,39.938043,116.362362,39.937696,116.362418,39.936575,116.362489,39.935104	25.05331665	2.904605447	0.345	10	1.03265929	3.615904767	32.76496795	二环-北向南-积水潭桥至阜成门外大街_131_morning
二环-北向南-积水潭桥至阜成门外大街_131_morning	15259412560	116.362546,39.933335,116.36261,39.931838,116.362613,39.931777,116.362617,39.931677	32.71924405	2.180062592	0.184	10	1.03265929	3.615904767	32.76496795	二环-北向南-积水潭桥至阜成门外大街_131_morning
二环-北向南-积水潭桥至阜成门外大街_131_morning	15259412610	116.362053,39.943655,116.362154,39.942122,116.362166,39.941931,116.36217,39.941876	20.14785226	3.558195636	0.198	10	1.03265929	3.615904767	32.76496795	二环-北向南-积水潭桥至阜成门外大街_131_morning
二环-北向南-积水潭桥至阜成门外大街_131_morning	15259412620	116.362489,39.935104,116.362546,39.933335	26.14996196	2.782795635	0.197	10	1.03265929	3.615904767	32.76496795	二环-北向南-积水潭桥至阜成门外大街_131_morning
二环-北向南-积水潭桥至阜成门外大街_131_morning	15259414230	116.362032,39.946246,116.36203,39.946189,116.362029,39.946148,116.362025,39.946042,116.361984,39.944757,116.362053,39.943655	15.87520761	4.306085419	0.288	10	1.03265929	3.615904767	32.76496795	二环-北向南-积水潭桥至阜成门外大街_131_morning
二环-北向南-积水潭桥至阜成门外大街_131_morning	15259414310	116.365591,39.950509,116.363762,39.949982,116.363243,39.94981,116.362956,39.949698,116.362905,39.949678,116.362848,39.949639,116.362687,39.949547,116.362615,39.949503,116.362324,39.949263,116.362184,39.94911,116.362072,39.948945,116.361928,39.948586	23.12705896	2.740080358	0.397	10	1.03265929	3.615904767	32.76496795	二环-北向南-积水潭桥至阜成门外大街_131_morning
二环-北向南-积水潭桥至阜成门外大街_131_morning	15259414320	116.366083,39.950655,116.366028,39.950638,116.365591,39.950509	19.54040687	3.243023567	0.045	10	1.03265929	3.615904767	32.76496795	二环-北向南-积水潭桥至阜成门外大街_131_morning
二环-北向南-积水潭桥至阜成门外大街_131_morning	15259416100	116.361967,39.947731,116.362008,39.946791,116.362023,39.946438,116.362029,39.946313,116.362032,39.946246	17.66564977	3.869656701	0.165	10	1.03265929	3.615904767	32.76496795	二环-北向南-积水潭桥至阜成门外大街_131_morning
二环-北向南-积水潭桥至阜成门外大街_131_morning	15259417530	116.361928,39.948586,116.361923,39.948176,116.361919,39.94793,116.361967,39.947731	27.34362077	2.310959493	0.095	10	1.03265929	3.615904767	32.76496795	二环-北向南-积水潭桥至阜成门外大街_131_morning
二环-北向南-积水潭桥至阜成门外大街_131_morning	15259419780	116.36617,39.95068,116.366083,39.950655	19.54040687	3.243023567	0.008	10	1.03265929	3.615904767	32.76496795	二环-北向南-积水潭桥至阜成门外大街_131_morning
二环-北向南-积水潭桥至阜成门外大街_131_morning	15259423920	116.37197,39.952421,116.371269,39.952201,116.370419,39.95194	21.27288547	3.172113163	0.142	10	1.03265929	3.615904767	32.76496795	二环-北向南-积水潭桥至阜成门外大街_131_morning
二环-北向南-积水潭桥至阜成门外大街_131_morning	15416411530	116.372932,39.952841,116.37285,39.952805,116.37197,39.952421	21.77501216	3.098964974	0.094	10	1.03265929	3.615904767	32.76496795	二环-北向南-积水潭桥至阜成门外大街_131_morning
二环-北向南-积水潭桥至阜成门外大街_131_morning	15416411650	116.370419,39.95194,116.367916,39.95119,116.367191,39.950978	18.23739239	3.871167462	0.295	10	1.03265929	3.615904767	32.76496795	二环-北向南-积水潭桥至阜成门外大街_131_morning
二环-北向南-积水潭桥至阜成门外大街_131_morning	15685196710	116.378012,39.954641,116.376995,39.954431,116.375494,39.953935	21.49537228	3.27791485	0.229	10	1.03265929	3.615904767	32.76496795	二环-北向南-积水潭桥至阜成门外大街_131_morning
二环-南向北-菜户营南路至广安门内大街_131_morning	15259005800	116.355686,39.876767,116.355865,39.878142	10.86717016	6.288665678	0.153	10	0.190771363	2.383917632	46.35487151	二环-南向北-菜户营南路至广安门内大街_131_morning
二环-南向北-菜户营南路至广安门内大街_131_morning	15259351540	116.355637,39.87644,116.355686,39.876767,116.355865,39.878142	10.86717016	6.288665678	0.19	10	0.190771363	2.383917632	46.35487151	二环-南向北-菜户营南路至广安门内大街_131_morning
二环-南向北-菜户营南路至广安门内大街_131_morning	15259364670	116.355865,39.878142,116.355896,39.878408,116.355909,39.878528,116.355935,39.878749,116.355954,39.878911	10.35023507	6.562169798	0.086	10	0.190771363	2.383917632	46.35487151	二环-南向北-菜户营南路至广安门内大街_131_morning
二环-南向北-菜户营南路至广安门内大街_131_morning	15259407000	116.355988,39.879245,116.35604,39.879722,116.356076,39.880099	10.35023507	6.562169798	0.095	10	0.190771363	2.383917632	46.35487151	二环-南向北-菜户营南路至广安门内大街_131_morning
二环-南向北-菜户营南路至广安门内大街_131_morning	15259412020	116.355954,39.878911,116.355988,39.879245	10.35023507	6.562169798	0.037	10	0.190771363	2.383917632	46.35487151	二环-南向北-菜户营南路至广安门内大街_131_morning
二环-南向北-菜户营南路至广安门内大街_131_morning	15259414940	116.355546,39.892824,116.355525,39.89382	7.171511802	9.51682182	0.111	10	0.190771363	2.383917632	46.35487151	二环-南向北-菜户营南路至广安门内大街_131_morning
二环-南向北-菜户营南路至广安门内大街_131_morning	15259415000	116.355525,39.89382,116.355524,39.894106,116.35551,39.895169,116.355511,39.895241,116.355511,39.895295	7.320544519	9.323076969	0.164	10	0.190771363	2.383917632	46.35487151	二环-南向北-菜户营南路至广安门内大街_131_morning
二环-南向北-菜户营南路至广安门内大街_131_morning	15259415550	116.35556,39.8922,116.355559,39.89239,116.355558,39.892485,116.355558,39.892556	8.875983333	7.769280023	0.04	10	0.190771363	2.383917632	46.35487151	二环-南向北-菜户营南路至广安门内大街_131_morning
二环-南向北-菜户营南路至广安门内大街_131_morning	15259422990	116.355558,39.892556,116.355546,39.892824	8.875983333	7.769280023	0.03	10	0.190771363	2.383917632	46.35487151	二环-南向北-菜户营南路至广安门内大街_131_morning
二环-南向北-菜户营南路至广安门内大街_131_morning	15639724370	116.355569,39.889351,116.355558,39.890397,116.35556,39.8922	11.84821318	5.820286905	0.316	10	0.190771363	2.383917632	46.35487151	二环-南向北-菜户营南路至广安门内大街_131_morning
二环-南向北-菜户营南路至广安门内大街_131_morning	15685164950	116.356076,39.880099,116.35611,39.880806,116.356113,39.881116,116.356075,39.881781,116.356035,39.882395	10.06502461	6.748120606	0.255	10	0.190771363	2.383917632	46.35487151	二环-南向北-菜户营南路至广安门内大街_131_morning
二环-南向北-菜户营南路至广安门内大街_131_morning	15685165520	116.356035,39.882395,116.356024,39.882529,116.355974,39.883129,116.355969,39.883199,116.355957,39.883351,116.355946,39.883463,116.355918,39.883797,116.355872,39.884319,116.355822,39.88487	10.02544926	6.829619124	0.276	10	0.190771363	2.383917632	46.35487151	二环-南向北-菜户营南路至广安门内大街_131_morning
二环-南向北-菜户营南路至广安门内大街_131_morning	15685166080	116.355807,39.885034,116.355711,39.88611,116.355709,39.886136,116.355705,39.886201,116.35562,39.887537,116.355574,39.888896,116.355574,39.888933,116.355573,39.889023,116.355569,39.889351	10.68960815	6.481996255	0.481	10	0.190771363	2.383917632	46.35487151	二环-南向北-菜户营南路至广安门内大街_131_morning
二环-南向北-菜户营南路至广安门内大街_131_morning	15685175660	116.355822,39.88487,116.355807,39.885034	10.33776093	6.702611957	0.018	10	0.190771363	2.383917632	46.35487151	二环-南向北-菜户营南路至广安门内大街_131_morning
二环南向北-华威南路至建国门外大街-_131_morning	15258207880	116.449079,39.904687,116.446823,39.905211	10.46293717	5.883625122	0.199	10	0.772060658	2.266340838	41.62209706	二环南向北-华威南路至建国门外大街-_131_morning
二环南向北-华威南路至建国门外大街-_131_morning	15258789800	116.451846,39.891591,116.451739,39.892438	9.545789213	7.285935028	0.094	10	0.772060658	2.266340838	41.62209706	二环南向北-华威南路至建国门外大街-_131_morning
二环南向北-华威南路至建国门外大街-_131_morning	15259350530	116.450417,39.903752,116.450322,39.903892,116.450265,39.903944,116.450242,39.903965,116.449895,39.904286,116.449688,39.904413,116.449656,39.904433,116.449607,39.904463,116.449441,39.904546,116.449274,39.904629,116.449079,39.904687	9.775847158	6.297152462	0.156	10	0.772060658	2.266340838	41.62209706	二环南向北-华威南路至建国门外大街-_131_morning
二环南向北-华威南路至建国门外大街-_131_morning	15259356150	116.442804,39.91022,116.442774,39.9104,116.442772,39.910414,116.442768,39.910438	12.41217655	5.238404379	0.024	10	0.772060658	2.266340838	41.62209706	二环南向北-华威南路至建国门外大街-_131_morning
二环南向北-华威南路至建国门外大街-_131_morning	15259356420	116.442416,39.913245,116.442387,39.914115,116.442385,39.914159,116.442382,39.914444,116.442382,39.9145	24.69320855	2.656600897	0.139	10	0.772060658	2.266340838	41.62209706	二环南向北-华威南路至建国门外大街-_131_morning
二环南向北-华威南路至建国门外大街-_131_morning	15259376600	116.443402,39.906438,116.44328,39.906588,116.443244,39.906651,116.44319,39.906743	9.90412943	6.05706947	0.046	10	0.772060658	2.266340838	41.62209706	二环南向北-华威南路至建国门外大街-_131_morning
二环南向北-华威南路至建国门外大街-_131_morning	15259383040	116.451306,39.880522,116.451387,39.880748	9.355858114	7.137773915	0.026	10	0.772060658	2.266340838	41.62209706	二环南向北-华威南路至建国门外大街-_131_morning
二环南向北-华威南路至建国门外大街-_131_morning	15259407230	116.450825,39.899458,116.45082,39.899516,116.450809,39.899646,116.450773,39.900072,116.450759,39.900727	14.78174203	4.4088173	0.141	10	0.772060658	2.266340838	41.62209706	二环南向北-华威南路至建国门外大街-_131_morning
二环南向北-华威南路至建国门外大街-_131_morning	15259411040	116.446823,39.905211,116.44512,39.905587,116.444635,39.905708	9.330749235	6.597540931	0.193	10	0.772060658	2.266340838	41.62209706	二环南向北-华威南路至建国门外大街-_131_morning
二环南向北-华威南路至建国门外大街-_131_morning	15259411550	116.444635,39.905708,116.444579,39.905721,116.444433,39.905757,116.444205,39.905842,116.44398,39.905958,116.44378,39.906083,116.443501,39.906315,116.443402,39.906438	9.90412943	6.05706947	0.134	10	0.772060658	2.266340838	41.62209706	二环南向北-华威南路至建国门外大街-_131_morning
二环南向北-华威南路至建国门外大街-_131_morning	15259411580	116.451323,39.895705,116.451187,39.896694,116.451103,39.897235	11.79809986	5.755164035	0.171	10	0.772060658	2.266340838	41.62209706	二环南向北-华威南路至建国门外大街-_131_morning
二环南向北-华威南路至建国门外大街-_131_morning	15259413960	116.44319,39.906743,116.44314,39.906839,116.443086,39.906987,116.443023,39.907216,116.443011,39.907385	9.90412943	6.05706947	0.073	10	0.772060658	2.266340838	41.62209706	二环南向北-华威南路至建国门外大街-_131_morning
二环南向北-华威南路至建国门外大街-_131_morning	15259416340	116.442541,39.911746,116.442508,39.911893,116.4425,39.911931,116.442496,39.911948	12.79471186	5.081786968	0.023	10	0.772060658	2.266340838	41.62209706	二环南向北-华威南路至建国门外大街-_131_morning
二环南向北-华威南路至建国门外大街-_131_morning	15259417780	116.452577,39.886829,116.452564,39.886889,116.452426,39.887504,116.452304,39.888168	9.459464967	7.297452894	0.15	10	0.772060658	2.266340838	41.62209706	二环南向北-华威南路至建国门外大街-_131_morning
二环南向北-华威南路至建国门外大街-_131_morning	15259417820	116.451685,39.881578,116.451732,39.881684,116.451746,39.881716,116.452113,39.882521,116.452358,39.882953	9.355858114	7.137773915	0.164	10	0.772060658	2.266340838	41.62209706	二环南向北-华威南路至建国门外大街-_131_morning
二环南向北-华威南路至建国门外大街-_131_morning	15259418270	116.450885,39.878793,116.450956,39.879111,116.451095,39.879755,116.451182,39.880113,116.451266,39.880407,116.451306,39.880522	10.86535792	6.146138997	0.196	10	0.772060658	2.266340838	41.62209706	二环南向北-华威南路至建国门外大街-_131_morning
二环南向北-华威南路至建国门外大街-_131_morning	15259418300	116.451643,39.893203,116.451445,39.894734,116.451439,39.894785,116.451435,39.894811,116.451425,39.89489,116.45136,39.895429,116.451323,39.895705	11.57060911	5.980670453	0.279	10	0.772060658	2.266340838	41.62209706	二环南向北-华威南路至建国门外大街-_131_morning
二环南向北-华威南路至建国门外大街-_131_morning	15259419340	116.450759,39.900727,116.450748,39.900943	17.05427754	3.821328688	0.024	10	0.772060658	2.266340838	41.62209706	二环南向北-华威南路至建国门外大街-_131_morning
二环南向北-华威南路至建国门外大街-_131_morning	15259419420	116.443011,39.907385,116.443005,39.907506,116.443027,39.907719	9.90412943	6.05706947	0.037	10	0.772060658	2.266340838	41.62209706	二环南向北-华威南路至建国门外大街-_131_morning
二环南向北-华威南路至建国门外大街-_131_morning	15259419990	116.450945,39.898277,116.450867,39.898928,116.450838,39.899297,116.450831,39.899388,116.450825,39.899458	14.78174203	4.593504598	0.131	10	0.772060658	2.266340838	41.62209706	二环南向北-华威南路至建国门外大街-_131_morning
二环南向北-华威南路至建国门外大街-_131_morning	15259422160	116.451739,39.892438,116.451643,39.893203	11.14536681	6.20885801	0.085	10	0.772060658	2.266340838	41.62209706	二环南向北-华威南路至建国门外大街-_131_morning
二环南向北-华威南路至建国门外大街-_131_morning	15421179710	116.452358,39.882953,116.452538,39.883275,116.452712,39.883623,116.452816,39.883893,116.452891,39.884182,116.452933,39.88445,116.452933,39.884755,116.452909,39.885053,116.452861,39.885378,116.452785,39.885751,116.452678,39.886218,116.452613,39.886537	7.709898378	9.031247441	0.408	10	0.772060658	2.266340838	41.62209706	二环南向北-华威南路至建国门外大街-_131_morning
二环南向北-华威南路至建国门外大街-_131_morning	15421179720	116.452304,39.888168,116.452246,39.888527	9.700073999	7.116440556	0.04	10	0.772060658	2.266340838	41.62209706	二环南向北-华威南路至建国门外大街-_131_morning
二环南向北-华威南路至建国门外大街-_131_morning	15421185830	116.452613,39.886537,116.452606,39.886576,116.452577,39.886829	8.921758193	7.73726417	0.032	10	0.772060658	2.266340838	41.62209706	二环南向北-华威南路至建国门外大街-_131_morning
二环南向北-华威南路至建国门外大街-_131_morning	15421185850	116.450662,39.903094,116.450609,39.90332,116.450417,39.903752	8.558192829	7.628947057	0.076	10	0.772060658	2.266340838	41.62209706	二环南向北-华威南路至建国门外大街-_131_morning
二环南向北-华威南路至建国门外大街-_131_morning	15421226350	116.443068,39.908238,116.44296,39.909308,116.442954,39.909361	12.76204364	5.094795303	0.125	10	0.772060658	2.266340838	41.62209706	二环南向北-华威南路至建国门外大街-_131_morning
二环南向北-华威南路至建国门外大街-_131_morning	15421227640	116.442768,39.910438,116.442687,39.910907	12.41217655	5.238404379	0.052	10	0.772060658	2.266340838	41.62209706	二环南向北-华威南路至建国门外大街-_131_morning
二环南向北-华威南路至建国门外大街-_131_morning	15421246280	116.443027,39.907719,116.443042,39.907911	11.97599819	5.429192539	0.021	10	0.772060658	2.266340838	41.62209706	二环南向北-华威南路至建国门外大街-_131_morning
二环南向北-华威南路至建国门外大街-_131_morning	15421248120	116.45102,39.897781,116.450945,39.898277	14.23998489	4.768263488	0.055	10	0.772060658	2.266340838	41.62209706	二环南向北-华威南路至建国门外大街-_131_morning
二环南向北-华威南路至建国门外大街-_131_morning	15421249880	116.442687,39.910907,116.442669,39.911008	12.41217655	5.238404379	0.011	10	0.772060658	2.266340838	41.62209706	二环南向北-华威南路至建国门外大街-_131_morning
二环南向北-华威南路至建国门外大街-_131_morning	15421260420	116.443042,39.907911,116.443068,39.908238	11.97599819	5.429192539	0.036	10	0.772060658	2.266340838	41.62209706	二环南向北-华威南路至建国门外大街-_131_morning
二环南向北-华威南路至建国门外大街-_131_morning	15421317970	116.442669,39.911008,116.442541,39.911746	12.41217655	5.238404379	0.082	10	0.772060658	2.266340838	41.62209706	二环南向北-华威南路至建国门外大街-_131_morning
二环南向北-华威南路至建国门外大街-_131_morning	15421345050	116.451103,39.897235,116.45102,39.897781	14.23998489	4.768263488	0.061	10	0.772060658	2.266340838	41.62209706	二环南向北-华威南路至建国门外大街-_131_morning
二环南向北-华威南路至建国门外大街-_131_morning	15421352690	116.452246,39.888527,116.452143,39.889167	9.700073999	7.116440556	0.072	10	0.772060658	2.266340838	41.62209706	二环南向北-华威南路至建国门外大街-_131_morning
二环南向北-华威南路至建国门外大街-_131_morning	15421369660	116.442496,39.911948,116.44246,39.912539	14.85939082	4.375684091	0.066	10	0.772060658	2.266340838	41.62209706	二环南向北-华威南路至建国门外大街-_131_morning
二环南向北-华威南路至建国门外大街-_131_morning	15421369670	116.44246,39.912539,116.442416,39.913245	21.03232919	3.119007858	0.078	10	0.772060658	2.266340838	41.62209706	二环南向北-华威南路至建国门外大街-_131_morning
二环南向北-华威南路至建国门外大街-_131_morning	15616834910	116.452143,39.889167,116.452031,39.890012,116.452017,39.890133,116.451999,39.890288,116.451994,39.890329	9.815102048	7.086019041	0.129	10	0.772060658	2.266340838	41.62209706	二环南向北-华威南路至建国门外大街-_131_morning
二环南向北-华威南路至建国门外大街-_131_morning	15616881750	116.451994,39.890329,116.45199,39.890369,116.451973,39.890515,116.451846,39.891591	9.815102048	7.086019041	0.141	10	0.772060658	2.266340838	41.62209706	二环南向北-华威南路至建国门外大街-_131_morning
二环-南向北-莲花池东路至复兴门内大街_131_morning	15259351610	116.363416,39.910072,116.363318,39.911909	17.68079978	3.794511607	0.204	10	0.628396596	3.085626586	33.44515017	二环-南向北-莲花池东路至复兴门内大街_131_morning
二环-南向北-莲花池东路至复兴门内大街_131_morning	15259380590	116.363318,39.911909,116.363265,39.91289,116.363258,39.913019	19.57788737	3.426825312	0.123	10	0.628396596	3.085626586	33.44515017	二环-南向北-莲花池东路至复兴门内大街_131_morning
二环-南向北-莲花池东路至复兴门内大街_131_morning	15259414400	116.363393,39.908708,116.36339,39.908909,116.36339,39.908929,116.36339,39.908963,116.363416,39.910072	13.76565708	4.774926442	0.152	10	0.628396596	3.085626586	33.44515017	二环-南向北-莲花池东路至复兴门内大街_131_morning
二环-南向北-莲花池东路至复兴门内大街_131_morning	15259415580	116.363258,39.913019,116.363258,39.91306,116.363263,39.913491,116.363249,39.914069	19.57788737	3.426825312	0.117	10	0.628396596	3.085626586	33.44515017	二环-南向北-莲花池东路至复兴门内大街_131_morning
二环-南向北-莲花池东路至复兴门内大街_131_morning	15259415660	116.355496,39.902578,116.355564,39.90271,116.355645,39.902841,116.355697,39.902924,116.355737,39.902965,116.355756,39.90298,116.355982,39.903158,116.356114,39.903265,116.356141,39.90329,116.356162,39.90331,116.356186,39.903332,116.356266,39.903396,116.356414,39.9035,116.35653,39.903551,116.356651,39.903605,116.35676,39.903653,116.356954,39.903716,116.357098,39.903762,116.357538,39.903827,116.357955,39.903868	8.286622442	7.13197692	0.27	10	0.628396596	3.085626586	33.44515017	二环-南向北-莲花池东路至复兴门内大街_131_morning
二环-南向北-莲花池东路至复兴门内大街_131_morning	15259420450	116.363109,39.905267,116.363131,39.905298,116.363295,39.905623,116.363376,39.905935,116.363429,39.906514,116.363406,39.907035	12.8814358	5.102692047	0.2	10	0.628396596	3.085626586	33.44515017	二环-南向北-莲花池东路至复兴门内大街_131_morning
二环-南向北-莲花池东路至复兴门内大街_131_morning	15420825220	116.363398,39.907346,116.363391,39.907603,116.363393,39.908708	13.32961197	4.931126288	0.151	10	0.628396596	3.085626586	33.44515017	二环-南向北-莲花池东路至复兴门内大街_131_morning
二环-南向北-莲花池东路至复兴门内大街_131_morning	15420841840	116.363406,39.907035,116.363401,39.907217,116.3634,39.907253,116.363399,39.907289,116.363399,39.907307,116.363398,39.907346	13.32961197	4.931126288	0.035	10	0.628396596	3.085626586	33.44515017	二环-南向北-莲花池东路至复兴门内大街_131_morning
二环-南向北-莲花池东路至复兴门内大街_131_morning	15420883830	116.355374,39.90209,116.355384,39.902196,116.355455,39.902439,116.35547,39.902489,116.355496,39.902578	8.901651763	7.166085766	0.055	10	0.628396596	3.085626586	33.44515017	二环-南向北-莲花池东路至复兴门内大街_131_morning
二环-南向北-莲花池东路至复兴门内大街_131_morning	15420918220	116.355352,39.901858,116.355374,39.90209	8.901651763	7.166085766	0.026	10	0.628396596	3.085626586	33.44515017	二环-南向北-莲花池东路至复兴门内大街_131_morning
二环-南向北-莲花池东路至复兴门内大街_131_morning	15685164750	116.357955,39.903868,116.3592,39.903961,116.359477,39.903982,116.359587,39.90399,116.359989,39.904021,116.360768,39.904081	10.07943555	6.337656479	0.242	10	0.628396596	3.085626586	33.44515017	二环-南向北-莲花池东路至复兴门内大街_131_morning
二环-南向北-莲花池东路至复兴门内大街_131_morning	15685169160	116.360768,39.904081,116.36108,39.904105,116.361641,39.904228,116.36199,39.904347,116.362301,39.904521,116.362652,39.904762,116.362921,39.905018,116.362991,39.905111,116.363034,39.905167,116.363075,39.90522,116.363109,39.905267	11.0008287	5.80683526	0.25	10	0.628396596	3.085626586	33.44515017	二环-南向北-莲花池东路至复兴门内大街_131_morning
二环-西向东-安定门内大街至东直门北小街_131_morning	15259414030	116.417794,39.955387,116.418973,39.955415	15.6307622	4.662600523	0.101	10	0.252544363	2.73985219	35.98658012	二环-西向东-安定门内大街至东直门北小街_131_morning
二环-西向东-安定门内大街至东直门北小街_131_morning	15421663910	116.418973,39.955415,116.42143,39.955452,116.422187,39.955462,116.42234,39.955466,116.422831,39.955471,116.422987,39.955475,116.424059,39.955501,116.424326,39.955507,116.424587,39.955512	19.19588945	3.847177814	0.477	10	0.252544363	2.73985219	35.98658012	二环-西向东-安定门内大街至东直门北小街_131_morning
二环-西向东-安定门内大街至东直门北小街_131_morning	15421673220	116.417032,39.955372,116.417794,39.955387	15.16242883	4.806617779	0.065	10	0.252544363	2.73985219	35.98658012	二环-西向东-安定门内大街至东直门北小街_131_morning
二环-西向东-安定门内大街至东直门北小街_131_morning	15421694760	116.414771,39.955364,116.415063,39.955363,116.416448,39.95536,116.417032,39.955372	14.4922258	5.028903151	0.193	10	0.252544363	2.73985219	35.98658012	二环-西向东-安定门内大街至东直门北小街_131_morning
二环-西向东-安定门内大街至东直门北小街_131_morning	15421747500	116.424587,39.955512,116.426464,39.95555,116.426485,39.95555,116.42668,39.955554	21.3271899	3.38347435	0.178	10	0.252544363	2.73985219	35.98658012	二环-西向东-安定门内大街至东直门北小街_131_morning
二环-西向东-安定门内大街至东直门北小街_131_morning	15685203840	116.427838,39.955568,116.430725,39.955608,116.431348,39.955616	29.4263041	2.404991119	0.298	10	0.252544363	2.73985219	35.98658012	二环-西向东-安定门内大街至东直门北小街_131_morning
阜石路-西向东-玉泉路至阜成路_131_morning	15258340740	116.280846,39.930519,116.281293,39.930523,116.281431,39.930525,116.281586,39.930526,116.28182,39.930528,116.282472,39.930533,116.282696,39.930535,116.282875,39.930537,116.284338,39.930547	8.623665577	7.693943997	0.299	10	0.172816655	2.913886616	36.72682523	阜石路-西向东-玉泉路至阜成路_131_morning
阜石路-西向东-玉泉路至阜成路_131_morning	15259300640	116.277867,39.930487,116.279094,39.930489,116.279665,39.930507,116.280846,39.930519	12.83442477	5.271759444	0.255	10	0.172816655	2.913886616	36.72682523	阜石路-西向东-玉泉路至阜成路_131_morning
阜石路-西向东-玉泉路至阜成路_131_morning	15259411390	116.274601,39.930464,116.277867,39.930487	12.64875992	5.147540186	0.28	10	0.172816655	2.913886616	36.72682523	阜石路-西向东-玉泉路至阜成路_131_morning
阜石路-西向东-玉泉路至阜成路_131_morning	15617040850	116.287777,39.930548,116.288524,39.93055	8.6935846	6.174668157	0.064	10	0.172816655	2.913886616	36.72682523	阜石路-西向东-玉泉路至阜成路_131_morning
阜石路-西向东-玉泉路至阜成路_131_morning	15617040860	116.284338,39.930547,116.2845,39.930544,116.287777,39.930548	8.554374622	7.513114967	0.293	10	0.172816655	2.913886616	36.72682523	阜石路-西向东-玉泉路至阜成路_131_morning
阜石路-西向东-玉泉路至阜成路_131_morning	15685187010	116.2625,39.930735,116.263043,39.930602,116.263921,39.930416,116.264966,39.930341	13.73250779	5.478241931	0.218	10	0.172816655	2.913886616	36.72682523	阜石路-西向东-玉泉路至阜成路_131_morning
阜石路-西向东-玉泉路至阜成路_131_morning	15685193040	116.270555,39.930421,116.2708,39.930425	15.77550912	4.566572111	0.021	10	0.172816655	2.913886616	36.72682523	阜石路-西向东-玉泉路至阜成路_131_morning
阜石路-西向东-玉泉路至阜成路_131_morning	15685195170	116.264966,39.930341,116.265109,39.930331,116.266113,39.930347,116.266338,39.93035,116.266394,39.930351,116.266818,39.930358,116.267693,39.930371,116.268437,39.930385	12.09738064	6.127772799	0.298	10	0.172816655	2.913886616	36.72682523	阜石路-西向东-玉泉路至阜成路_131_morning
建国门外大街-东向西-东三环中路至东大桥路_131_morning	15258034570	116.457004,39.914221,116.456882,39.914225	13.39177179	3.939732609	0.01	10	0.15265738	4.788699925	30.64992437	建国门外大街-东向西-东三环中路至东大桥路_131_morning
建国门外大街-东向西-东三环中路至东大桥路_131_morning	15258208600	116.468357,39.914091,116.46825,39.91409,116.467973,39.914095,116.46738,39.914107,116.467304,39.914108	16.61170031	3.962267484	0.09	10	0.15265738	4.788699925	30.64992437	建国门外大街-东向西-东三环中路至东大桥路_131_morning
建国门外大街-东向西-东三环中路至东大桥路_131_morning	15258828240	116.464138,39.91412,116.464032,39.91412,116.462537,39.914133	7.487490107	8.572966252	0.137	10	0.15265738	4.788699925	30.64992437	建国门外大街-东向西-东三环中路至东大桥路_131_morning
建国门外大街-东向西-东三环中路至东大桥路_131_morning	15260516800	116.462537,39.914133,116.461274,39.914154,116.461069,39.914156,116.46025,39.914165	7.43014058	8.639136677	0.195	10	0.15265738	4.788699925	30.64992437	建国门外大街-东向西-东三环中路至东大桥路_131_morning
建国门外大街-东向西-东三环中路至东大桥路_131_morning	15421290360	116.466029,39.914112,116.464138,39.91412	7.601410736	8.649710203	0.161	10	0.15265738	4.788699925	30.64992437	建国门外大街-东向西-东三环中路至东大桥路_131_morning
建国门外大街-东向西-东三环中路至东大桥路_131_morning	15421368500	116.467304,39.914108,116.467186,39.914108,116.467055,39.914108,116.466985,39.914109,116.466834,39.914109,116.466562,39.91411,116.466122,39.914112,116.466029,39.914112	13.18612715	4.986301078	0.109	10	0.15265738	4.788699925	30.64992437	建国门外大街-东向西-东三环中路至东大桥路_131_morning
建国门外大街-东向西-东三环中路至东大桥路_131_morning	15618082440	116.457136,39.91422,116.457004,39.914221	13.40335056	3.936329187	0.011	10	0.15265738	4.788699925	30.64992437	建国门外大街-东向西-东三环中路至东大桥路_131_morning
京藏高速-北向南-银泉路至清华东路_131_morning	15258730880	116.373747,40.011112,116.374281,40.010396	15.73947407	4.570673687	0.093	10	0.136959265	2.50138102	37.52373152	京藏高速-北向南-银泉路至清华东路_131_morning
京藏高速-北向南-银泉路至清华东路_131_morning	15259258690	116.369262,40.017127,116.369547,40.016756	11.41064004	5.780569695	0.048	10	0.136959265	2.50138102	37.52373152	京藏高速-北向南-银泉路至清华东路_131_morning
京藏高速-北向南-银泉路至清华东路_131_morning	15259554100	116.367972,40.018815,116.369262,40.017127	16.68238623	3.966458939	0.22	10	0.136959265	2.50138102	37.52373152	京藏高速-北向南-银泉路至清华东路_131_morning
京藏高速-北向南-银泉路至清华东路_131_morning	15259782630	116.369547,40.016756,116.370267,40.015808,116.370312,40.015749,116.370418,40.015612	9.388192017	7.025846924	0.149	10	0.136959265	2.50138102	37.52373152	京藏高速-北向南-银泉路至清华东路_131_morning
京藏高速-北向南-银泉路至清华东路_131_morning	15416338290	116.378399,40.004975,116.378487,40.004861	15.83505714	4.608129884	0.015	10	0.136959265	2.50138102	37.52373152	京藏高速-北向南-银泉路至清华东路_131_morning
京藏高速-北向南-银泉路至清华东路_131_morning	15416360180	116.377599,40.006026,116.378399,40.004975	14.39542319	5.068972202	0.137	10	0.136959265	2.50138102	37.52373152	京藏高速-北向南-银泉路至清华东路_131_morning
京藏高速-北向南-银泉路至清华东路_131_morning	15419500410	116.373508,40.011431,116.373747,40.011112	12.79269074	5.623523733	0.041	10	0.136959265	2.50138102	37.52373152	京藏高速-北向南-银泉路至清华东路_131_morning
京藏高速-北向南-银泉路至清华东路_131_morning	15625896240	116.370418,40.015612,116.370654,40.015297,116.370747,40.015176,116.371026,40.014791	9.796413166	6.733076574	0.106	10	0.136959265	2.50138102	37.52373152	京藏高速-北向南-银泉路至清华东路_131_morning
京藏高速-北向南-银泉路至清华东路_131_morning	15685352950	116.37445,40.010178,116.375924,40.008228	16.27616758	4.419959407	0.253	10	0.136959265	2.50138102	37.52373152	京藏高速-北向南-银泉路至清华东路_131_morning
京藏高速-北向南-银泉路至清华东路_131_morning	15685352980	116.374281,40.010396,116.37445,40.010178,116.375924,40.008228	16.15998789	4.45173601	0.282	10	0.136959265	2.50138102	37.52373152	京藏高速-北向南-银泉路至清华东路_131_morning
京藏高速-北向南-银泉路至清华东路_131_morning	15685353380	116.37141,40.01426,116.37184,40.013685	10.47258411	6.765283452	0.074	10	0.136959265	2.50138102	37.52373152	京藏高速-北向南-银泉路至清华东路_131_morning
京藏高速-北向南-银泉路至清华东路_131_morning	15685354380	116.375924,40.008228,116.376154,40.007929,116.376227,40.007834,116.37642,40.007576,116.376442,40.007546,116.376478,40.007497,116.376643,40.007281,116.377039,40.006761,116.37731,40.006403,116.377599,40.006026	14.92000788	4.890748087	0.287	10	0.136959265	2.50138102	37.52373152	京藏高速-北向南-银泉路至清华东路_131_morning
京藏高速-北向南-银泉路至清华东路_131_morning	15685355500	116.37184,40.013685,116.37204,40.013407,116.373403,40.011573,116.373508,40.011431	10.0737493	7.033131153	0.291	10	0.136959265	2.50138102	37.52373152	京藏高速-北向南-银泉路至清华东路_131_morning
京通快速路-东向西-东五环路至东四环中路_131_morning	15257814680	116.525715,39.914316,116.525357,39.914272,116.524657,39.914238,116.521624,39.914256,116.52101,39.914259	23.74328185	3.050125945	0.402	10	0.397274761	1.894727605	51.24434073	京通快速路-东向西-东五环路至东四环中路_131_morning
京通快速路-东向西-东五环路至东四环中路_131_morning	15259350100	116.513571,39.914291,116.51023,39.914288	12.01293853	6.27073882	0.287	10	0.397274761	1.894727605	51.24434073	京通快速路-东向西-东五环路至东四环中路_131_morning
京通快速路-东向西-东五环路至东四环中路_131_morning	15259424620	116.502696,39.914263,116.502657,39.914262,116.501631,39.914254	44.23228823	1.613301117	0.091	10	0.397274761	1.894727605	51.24434073	京通快速路-东向西-东五环路至东四环中路_131_morning
京通快速路-东向西-东五环路至东四环中路_131_morning	15259436590	116.543892,39.915771,116.54191,39.91583	17.45161256	4.487837426	0.169	10	0.397274761	1.894727605	51.24434073	京通快速路-东向西-东五环路至东四环中路_131_morning
京通快速路-东向西-东五环路至东四环中路_131_morning	15259541680	116.517351,39.914283,116.517201,39.914286,116.517118,39.914281,116.517038,39.914287,116.516944,39.914286,116.516448,39.914286	16.61008734	4.47017517	0.077	10	0.397274761	1.894727605	51.24434073	京通快速路-东向西-东五环路至东四环中路_131_morning
京通快速路-东向西-东五环路至东四环中路_131_morning	15260281230	116.516448,39.914286,116.514898,39.914289,116.513571,39.914291	15.88815319	4.741268485	0.247	10	0.397274761	1.894727605	51.24434073	京通快速路-东向西-东五环路至东四环中路_131_morning
京通快速路-东向西-东五环路至东四环中路_131_morning	15260404150	116.529516,39.915113,116.527273,39.914669,116.525846,39.914329,116.525715,39.914316	18.04167792	4.016256155	0.336	10	0.397274761	1.894727605	51.24434073	京通快速路-东向西-东五环路至东四环中路_131_morning
京通快速路-东向西-东五环路至东四环中路_131_morning	15420020430	116.532783,39.915727,116.532208,39.915638,116.529516,39.915113	14.165227	5.790941437	0.288	10	0.397274761	1.894727605	51.24434073	京通快速路-东向西-东五环路至东四环中路_131_morning
京通快速路-东向西-东五环路至东四环中路_131_morning	15625598800	116.506953,39.914281,116.506745,39.91428,116.506432,39.914282	43.05467235	1.689015292	0.045	10	0.397274761	1.894727605	51.24434073	京通快速路-东向西-东五环路至东四环中路_131_morning
京通快速路-东向西-东五环路至东四环中路_131_morning	15625599970	116.51023,39.914288,116.509962,39.914287,116.506953,39.914281	24.75973794	2.937026239	0.282	10	0.397274761	1.894727605	51.24434073	京通快速路-东向西-东五环路至东四环中路_131_morning
京通快速路-东向西-东五环路至东四环中路_131_morning	15685153420	116.545106,39.915738,116.544839,39.915745,116.543892,39.915771	13.44642312	6.437399687	0.103	10	0.397274761	1.894727605	51.24434073	京通快速路-东向西-东五环路至东四环中路_131_morning
京通快速路-东向西-东五环路至东四环中路_131_morning	15685154020	116.549118,39.915626,116.548027,39.915658,116.545807,39.915718	11.43690143	7.568483518	0.281	10	0.397274761	1.894727605	51.24434073	京通快速路-东向西-东五环路至东四环中路_131_morning
京通快速路-东向西-东五环路至东四环中路_131_morning	15685154290	116.552486,39.915525,116.550838,39.915575,116.550556,39.915583,116.549118,39.915626	12.78420135	6.832652084	0.285	10	0.397274761	1.894727605	51.24434073	京通快速路-东向西-东五环路至东四环中路_131_morning
京通快速路-东向西-东五环路至东四环中路_131_morning	15685154310	116.539113,39.915901,116.53644,39.915963,116.536272,39.915966	15.69779058	5.154228524	0.241	10	0.397274761	1.894727605	51.24434073	京通快速路-东向西-东五环路至东四环中路_131_morning
京通快速路-东向西-东五环路至东四环中路_131_morning	15685154850	116.54191,39.91583,116.539113,39.915901	17.40139459	4.649627337	0.238	10	0.397274761	1.894727605	51.24434073	京通快速路-东向西-东五环路至东四环中路_131_morning
京通快速路-东向西-东五环路至东四环中路_131_morning	15685155340	116.536272,39.915966,116.53609,39.91597,116.536018,39.915975,116.535471,39.915978,116.534742,39.91595,116.533892,39.915896,116.532783,39.915727	14.93341451	5.460907817	0.299	10	0.397274761	1.894727605	51.24434073	京通快速路-东向西-东五环路至东四环中路_131_morning
京通快速路-东向西-东五环路至东四环中路_131_morning	15685157930	116.545807,39.915718,116.545106,39.915738	13.44642312	6.437399687	0.06	10	0.397274761	1.894727605	51.24434073	京通快速路-东向西-东五环路至东四环中路_131_morning
京通快速路-东向西-东五环路至东四环中路_131_morning	15685176860	116.506432,39.914282,116.504653,39.914273	43.05467235	1.657427547	0.153	10	0.397274761	1.894727605	51.24434073	京通快速路-东向西-东五环路至东四环中路_131_morning
京通快速路-东向西-东五环路至东四环中路_131_morning	15685178960	116.504653,39.914273,116.503221,39.914265,116.502942,39.914264,116.502924,39.914264,116.502696,39.914263	44.23228823	1.613301117	0.168	10	0.397274761	1.894727605	51.24434073	京通快速路-东向西-东五环路至东四环中路_131_morning
京通快速路-东向西-东五环路至东四环中路_131_morning	15685181230	116.501631,39.914254,116.50088,39.914251,116.49972,39.914247,116.499413,39.914245,116.498912,39.914243,116.498848,39.914243,116.49867,39.914242	54.1968058	1.389934312	0.254	10	0.397274761	1.894727605	51.24434073	京通快速路-东向西-东五环路至东四环中路_131_morning
万丰路-南向北-莲宝路至莲花池西路辅路_131_morning	15258576800	116.301532,39.895817,116.301533,39.895907	6.334921158	5.332347342	0.01	10	0.230140589	3.821649072	21.7355087	万丰路-南向北-莲宝路至莲花池西路辅路_131_morning
万丰路-南向北-莲宝路至莲花池西路辅路_131_morning	15259007720	116.301503,39.902545,116.301473,39.903108	5.772431947	8.135219338	0.063	10	0.230140589	3.821649072	21.7355087	万丰路-南向北-莲宝路至莲花池西路辅路_131_morning
万丰路-南向北-莲宝路至莲花池西路辅路_131_morning	15260824270	116.301533,39.895907,116.301523,39.897397	6.334921158	5.314983275	0.166	10	0.230140589	3.821649072	21.7355087	万丰路-南向北-莲宝路至莲花池西路辅路_131_morning
万丰路-南向北-莲宝路至莲花池西路辅路_131_morning	15622468710	116.301523,39.897397,116.301522,39.897478,116.30151,39.899241,116.301527,39.900615	5.292845798	8.636185853	0.358	10	0.230140589	3.821649072	21.7355087	万丰路-南向北-莲宝路至莲花池西路辅路_131_morning
望京街-西向东-望京东路至酒仙桥北路_131_morning	15259089720	116.494339,39.995016,116.494481,39.994934	13.74011224	2.526908033	0.015	10	0.091661201	3.519792157	14.9087811	望京街-西向东-望京东路至酒仙桥北路_131_morning
望京街-西向东-望京东路至酒仙桥北路_131_morning	15259122800	116.494651,39.994827,116.49501,39.994608,116.495221,39.994479,116.4957,39.994175,116.496031,39.993937	13.74011224	2.526908033	0.156	10	0.091661201	3.519792157	14.9087811	望京街-西向东-望京东路至酒仙桥北路_131_morning
望京街-西向东-望京东路至酒仙桥北路_131_morning	15259396260	116.494481,39.994934,116.494651,39.994827	13.74011224	2.526908033	0.019	10	0.091661201	3.519792157	14.9087811	望京街-西向东-望京东路至酒仙桥北路_131_morning
望京街-西向东-望京东路至酒仙桥北路_131_morning	15260531300	116.492984,39.995932,116.493786,39.995416,116.494339,39.995016	3.844266338	9.814616545	0.156	10	0.091661201	3.519792157	14.9087811	望京街-西向东-望京东路至酒仙桥北路_131_morning
望京街-西向东-望京东路至酒仙桥北路_131_morning	15676577370	116.492879,39.995983,116.492984,39.995932	3.844266338	9.450437823	0.011	10	0.091661201	3.519792157	14.9087811	望京街-西向东-望京东路至酒仙桥北路_131_morning
西三环南路-南向北-丽源路至莲花池西路_131_morning	15259358470	116.317515,39.8876,116.317455,39.88809	9.381691742	7.435759127	0.055	10	1.108814735	4.188382752	32.79088268	西三环南路-南向北-丽源路至莲花池西路_131_morning
西三环南路-南向北-丽源路至莲花池西路_131_morning	15259370270	116.316915,39.90167,116.316906,39.902071,116.316896,39.902541,116.316902,39.902991,116.316903,39.903135,116.316909,39.903613,116.31691,39.903688,116.316931,39.905366	13.22138282	5.037294578	0.411	10	1.108814735	4.188382752	32.79088268	西三环南路-南向北-丽源路至莲花池西路_131_morning
西三环南路-南向北-丽源路至莲花池西路_131_morning	15259411460	116.317697,39.886024,116.317515,39.8876	9.5048191	7.339434793	0.175	10	1.108814735	4.188382752	32.79088268	西三环南路-南向北-丽源路至莲花池西路_131_morning
西三环南路-南向北-丽源路至莲花池西路_131_morning	15259411950	116.317416,39.888459,116.317407,39.888553,116.317386,39.888674	9.381691742	7.435759127	0.024	10	1.108814735	4.188382752	32.79088268	西三环南路-南向北-丽源路至莲花池西路_131_morning
西三环南路-南向北-丽源路至莲花池西路_131_morning	15259413810	116.317416,39.888459,116.317407,39.888553	9.381691742	7.435759127	0.01	10	1.108814735	4.188382752	32.79088268	西三环南路-南向北-丽源路至莲花池西路_131_morning
西三环南路-南向北-丽源路至莲花池西路_131_morning	15259414990	116.317455,39.88809,116.31745,39.88814,116.317434,39.888289,116.317416,39.888459	9.381691742	7.435759127	0.041	10	1.108814735	4.188382752	32.79088268	西三环南路-南向北-丽源路至莲花池西路_131_morning
西三环南路-南向北-丽源路至莲花池西路_131_morning	15259416860	116.317179,39.890718,116.317169,39.8908,116.31714,39.891038,116.317065,39.891666	13.42185532	4.75046098	0.106	10	1.108814735	4.188382752	32.79088268	西三环南路-南向北-丽源路至莲花池西路_131_morning
西三环南路-南向北-丽源路至莲花池西路_131_morning	15259416880	116.31692,39.901287,116.316915,39.90167	13.55802825	4.912218706	0.042	10	1.108814735	4.188382752	32.79088268	西三环南路-南向北-丽源路至莲花池西路_131_morning
西三环南路-南向北-丽源路至莲花池西路_131_morning	15259416900	116.317065,39.891666,116.316993,39.892594,116.316986,39.892834	12.88453475	4.948568283	0.13	10	1.108814735	4.188382752	32.79088268	西三环南路-南向北-丽源路至莲花池西路_131_morning
西三环南路-南向北-丽源路至莲花池西路_131_morning	15259417630	116.316984,39.893079,116.316987,39.893291	14.57322232	4.375147693	0.024	10	1.108814735	4.188382752	32.79088268	西三环南路-南向北-丽源路至莲花池西路_131_morning
西三环南路-南向北-丽源路至莲花池西路_131_morning	15259419200	116.317888,39.884503,116.317863,39.884766,116.317765,39.885547	14.91835198	4.809512477	0.116	10	1.108814735	4.188382752	32.79088268	西三环南路-南向北-丽源路至莲花池西路_131_morning
西三环南路-南向北-丽源路至莲花池西路_131_morning	15259419220	116.317257,39.889911,116.317215,39.890375,116.317212,39.890407,116.317186,39.890648,116.317179,39.890718	13.00291596	4.903515502	0.09	10	1.108814735	4.188382752	32.79088268	西三环南路-南向北-丽源路至莲花池西路_131_morning
西三环南路-南向北-丽源路至莲花池西路_131_morning	15259419830	116.317765,39.885547,116.317697,39.886024	9.5048191	7.339434793	0.053	10	1.108814735	4.188382752	32.79088268	西三环南路-南向北-丽源路至莲花池西路_131_morning
西三环南路-南向北-丽源路至莲花池西路_131_morning	15259419860	116.316971,39.899345,116.316956,39.900116,116.316952,39.900711	14.57625513	4.595144596	0.152	10	1.108814735	4.188382752	32.79088268	西三环南路-南向北-丽源路至莲花池西路_131_morning
西三环南路-南向北-丽源路至莲花池西路_131_morning	15259420460	116.316952,39.900711,116.31692,39.901287	14.57625513	4.595144596	0.064	10	1.108814735	4.188382752	32.79088268	西三环南路-南向北-丽源路至莲花池西路_131_morning
西三环南路-南向北-丽源路至莲花池西路_131_morning	15259421020	116.316986,39.892834,116.316985,39.892951,116.316984,39.893079	14.15027835	4.50591843	0.027	10	1.108814735	4.188382752	32.79088268	西三环南路-南向北-丽源路至莲花池西路_131_morning
西三环南路-南向北-丽源路至莲花池西路_131_morning	15259421050	116.317386,39.888674,116.317257,39.889911	11.71118374	5.956699301	0.138	10	1.108814735	4.188382752	32.79088268	西三环南路-南向北-丽源路至莲花池西路_131_morning
西三环南路-南向北-丽源路至莲花池西路_131_morning	15259421770	116.316987,39.893291,116.316993,39.894127	13.27578449	4.802729363	0.093	10	1.108814735	4.188382752	32.79088268	西三环南路-南向北-丽源路至莲花池西路_131_morning
西三环南路-南向北-丽源路至莲花池西路_131_morning	15420790650	116.316975,39.897474,116.316969,39.898133,116.31697,39.898556	12.17889592	5.49967751	0.12	10	1.108814735	4.188382752	32.79088268	西三环南路-南向北-丽源路至莲花池西路_131_morning
西三环南路-南向北-丽源路至莲花池西路_131_morning	15420797680	116.31697,39.898556,116.31697,39.898799,116.316971,39.899345	13.36116097	5.013037427	0.088	10	1.108814735	4.188382752	32.79088268	西三环南路-南向北-丽源路至莲花池西路_131_morning
西三环南路-南向北-丽源路至莲花池西路_131_morning	15685171770	116.317942,39.883938,116.317888,39.884503	22.68468303	3.162927157	0.063	10	1.108814735	4.188382752	32.79088268	西三环南路-南向北-丽源路至莲花池西路_131_morning
西三环南路-南向北-丽源路至莲花池西路_131_morning	15685172950	116.318232,39.881295,116.318138,39.882259,116.318009,39.883205,116.317977,39.883574,116.317953,39.883817,116.317942,39.883938	22.68468303	3.162927157	0.294	10	1.108814735	4.188382752	32.79088268	西三环南路-南向北-丽源路至莲花池西路_131_morning
西三环中路-南向北-复兴路至车公庄西路_131_morning	15259351570	116.316995,39.915334,116.316996,39.915422,116.316998,39.915602,116.316986,39.917118,116.316984,39.918183,116.316983,39.918239,116.316982,39.91879	12.07856065	5.758964337	0.384	10	0.6018069	2.797692343	38.52720264	西三环中路-南向北-复兴路至车公庄西路_131_morning
西三环中路-南向北-复兴路至车公庄西路_131_morning	15259358340	116.316918,39.922657,116.316912,39.923292,116.31689,39.923956	17.89941295	3.940352692	0.144	10	0.6018069	2.797692343	38.52720264	西三环中路-南向北-复兴路至车公庄西路_131_morning
西三环中路-南向北-复兴路至车公庄西路_131_morning	15259408050	116.317009,39.914218,116.317007,39.914422,116.317003,39.914834	14.50210805	4.688973476	0.068	10	0.6018069	2.797692343	38.52720264	西三环中路-南向北-复兴路至车公庄西路_131_morning
西三环中路-南向北-复兴路至车公庄西路_131_morning	15259408550	116.317003,39.914834,116.317002,39.914951,116.316998,39.915121,116.316995,39.915334	14.50210805	4.688973476	0.056	10	0.6018069	2.797692343	38.52720264	西三环中路-南向北-复兴路至车公庄西路_131_morning
西三环中路-南向北-复兴路至车公庄西路_131_morning	15259417520	116.316799,39.932641,116.316795,39.933083	16.06444021	4.531125831	0.049	10	0.6018069	2.797692343	38.52720264	西三环中路-南向北-复兴路至车公庄西路_131_morning
西三环中路-南向北-复兴路至车公庄西路_131_morning	15259419870	116.316982,39.91879,116.316959,39.920381,116.316948,39.921071,116.316939,39.921705,116.316918,39.922657	16.56851048	4.223674789	0.429	10	0.6018069	2.797692343	38.52720264	西三环中路-南向北-复兴路至车公庄西路_131_morning
西三环中路-南向北-复兴路至车公庄西路_131_morning	15416291800	116.316793,39.93441,116.316792,39.935029	18.17101903	4.005829275	0.069	10	0.6018069	2.797692343	38.52720264	西三环中路-南向北-复兴路至车公庄西路_131_morning
西三环中路-南向北-复兴路至车公庄西路_131_morning	15617018560	116.316799,39.93013,116.316799,39.930162,116.316799,39.930407	16.34469883	4.304759649	0.031	10	0.6018069	2.797692343	38.52720264	西三环中路-南向北-复兴路至车公庄西路_131_morning
西三环中路-南向北-复兴路至车公庄西路_131_morning	15617019830	116.316799,39.930407,116.316799,39.930574,116.3168,39.9311,116.316799,39.932641	16.34469883	4.407545269	0.248	10	0.6018069	2.797692343	38.52720264	西三环中路-南向北-复兴路至车公庄西路_131_morning
西三环中路-南向北-复兴路至车公庄西路_131_morning	15617037060	116.316802,39.929737,116.3168,39.92998,116.3168,39.929998,116.316799,39.93013	16.34141179	4.305625543	0.044	10	0.6018069	2.797692343	38.52720264	西三环中路-南向北-复兴路至车公庄西路_131_morning
西三环中路-南向北-复兴路至车公庄西路_131_morning	15685187680	116.316854,39.925687,116.316833,39.926625	15.97001033	4.405757951	0.104	10	0.6018069	2.797692343	38.52720264	西三环中路-南向北-复兴路至车公庄西路_131_morning
西三环中路-南向北-复兴路至车公庄西路_131_morning	15685188610	116.316821,39.927902,116.31682,39.928276,116.316803,39.929531,116.316802,39.929566,116.316802,39.929737	16.34141179	4.305625543	0.204	10	0.6018069	2.797692343	38.52720264	西三环中路-南向北-复兴路至车公庄西路_131_morning
西三环中路-南向北-复兴路至车公庄西路_131_morning	15685189660	116.316823,39.927262,116.316823,39.927473,116.316821,39.927902	16.34141179	4.305625543	0.071	10	0.6018069	2.797692343	38.52720264	西三环中路-南向北-复兴路至车公庄西路_131_morning
西三环中路-南向北-复兴路至车公庄西路_131_morning	15685194080	116.316833,39.926625,116.316824,39.927032,116.316824,39.927103,116.316823,39.927262	16.34141179	4.305625543	0.071	10	0.6018069	2.797692343	38.52720264	西三环中路-南向北-复兴路至车公庄西路_131_morning
西三环中路-南向北-复兴路至车公庄西路_131_morning	15685195080	116.316788,39.935799,116.316782,39.93696,116.316778,39.937817,116.316775,39.938144,116.316775,39.938226,116.316774,39.938323,116.316774,39.93835,116.316773,39.93842,116.316773,39.938462	20.80946182	3.496486388	0.296	10	0.6018069	2.797692343	38.52720264	西三环中路-南向北-复兴路至车公庄西路_131_morning
西三环中路-南向北-复兴路至车公庄西路_131_morning	15685195830	116.31689,39.923956,116.316885,39.924168,116.316884,39.924185,116.316859,39.925171,116.316854,39.925687	17.22724764	4.094095672	0.192	10	0.6018069	2.797692343	38.52720264	西三环中路-南向北-复兴路至车公庄西路_131_morning
西四环中路-南向北-小井西路至复兴路_131_morning	15259364860	116.285987,39.878902,116.285935,39.878992,116.285852,39.879135,116.285691,39.879409,116.285682,39.879433,116.285477,39.87999,116.284863,39.881664,116.284842,39.88171,116.284809,39.881801,116.284776,39.88189	12.22398804	5.905601329	0.348	10	0.716607143	2.582812763	39.8533669	西四环中路-南向北-小井西路至复兴路_131_morning
西四环中路-南向北-小井西路至复兴路_131_morning	15259370390	116.281317,39.891026,116.281208,39.891422,116.28105,39.892002,116.280649,39.894887	16.0560903	4.553412358	0.434	10	0.716607143	2.582812763	39.8533669	西四环中路-南向北-小井西路至复兴路_131_morning
西四环中路-南向北-小井西路至复兴路_131_morning	15259370400	116.287465,39.876616,116.286338,39.878301,116.285987,39.878902	16.23161971	4.368633647	0.284	10	0.716607143	2.582812763	39.8533669	西四环中路-南向北-小井西路至复兴路_131_morning
西四环中路-南向北-小井西路至复兴路_131_morning	15259405680	116.280642,39.897533,116.28064,39.898483	20.15605384	3.441149768	0.105	10	0.716607143	2.582812763	39.8533669	西四环中路-南向北-小井西路至复兴路_131_morning
西四环中路-南向北-小井西路至复兴路_131_morning	15259412010	116.28064,39.898483,116.280625,39.899873,116.280622,39.90019	20.15605384	3.441149768	0.19	10	0.716607143	2.582812763	39.8533669	西四环中路-南向北-小井西路至复兴路_131_morning
西四环中路-南向北-小井西路至复兴路_131_morning	15259413860	116.280627,39.900353,116.280637,39.901752	19.73834286	3.513972804	0.155	10	0.716607143	2.582812763	39.8533669	西四环中路-南向北-小井西路至复兴路_131_morning
西四环中路-南向北-小井西路至复兴路_131_morning	15259419820	116.281833,39.889547,116.281317,39.891026	17.40255428	4.143069968	0.17	10	0.716607143	2.582812763	39.8533669	西四环中路-南向北-小井西路至复兴路_131_morning
西四环中路-南向北-小井西路至复兴路_131_morning	15259424220	116.28064,39.898483,116.280625,39.899873,116.280622,39.90019,116.280627,39.900353	20.15605384	3.441149768	0.208	10	0.716607143	2.582812763	39.8533669	西四环中路-南向北-小井西路至复兴路_131_morning
西四环中路-南向北-小井西路至复兴路_131_morning	15420782010	116.280637,39.902612,116.280639,39.903038,116.280639,39.903133,116.28064,39.903255,116.28064,39.903375,116.280641,39.903607,116.280646,39.904746,116.280647,39.904926,116.280648,39.905125	15.71391618	4.746111608	0.279	10	0.716607143	2.582812763	39.8533669	西四环中路-南向北-小井西路至复兴路_131_morning
西四环中路-南向北-小井西路至复兴路_131_morning	15420788200	116.284307,39.883062,116.283543,39.884973	11.4901789	6.26622097	0.222	10	0.716607143	2.582812763	39.8533669	西四环中路-南向北-小井西路至复兴路_131_morning
西四环中路-南向北-小井西路至复兴路_131_morning	15420835080	116.28063,39.895162,116.280644,39.896437,116.280648,39.896828	14.457948	4.99171805	0.185	10	0.716607143	2.582812763	39.8533669	西四环中路-南向北-小井西路至复兴路_131_morning
西四环中路-南向北-小井西路至复兴路_131_morning	15420846280	116.282303,39.888245,116.28213,39.888699,116.281833,39.889547	17.7874397	4.053422034	0.15	10	0.716607143	2.582812763	39.8533669	西四环中路-南向北-小井西路至复兴路_131_morning
西四环中路-南向北-小井西路至复兴路_131_morning	15420862330	116.284776,39.88189,116.284754,39.881945,116.284611,39.882303,116.284307,39.883062	11.44642029	6.306775234	0.136	10	0.716607143	2.582812763	39.8533669	西四环中路-南向北-小井西路至复兴路_131_morning
西四环中路-南向北-小井西路至复兴路_131_morning	15420896810	116.280649,39.894887,116.28063,39.895162	14.457948	4.99171805	0.031	10	0.716607143	2.582812763	39.8533669	西四环中路-南向北-小井西路至复兴路_131_morning
西四环中路-南向北-小井西路至复兴路_131_morning	15420903940	116.280648,39.896828,116.280642,39.897533	17.26422089	4.017557493	0.078	10	0.716607143	2.582812763	39.8533669	西四环中路-南向北-小井西路至复兴路_131_morning
西四环中路-南向北-小井西路至复兴路_131_morning	15420924730	116.280648,39.905125,116.280644,39.905725	15.71391618	4.746111608	0.067	10	0.716607143	2.582812763	39.8533669	西四环中路-南向北-小井西路至复兴路_131_morning
西四环中路-南向北-小井西路至复兴路_131_morning	15685168020	116.280675,39.910244,116.280679,39.911044,116.280686,39.912354,116.280687,39.912591	25.84754975	2.988677873	0.261	10	0.716607143	2.582812763	39.8533669	西四环中路-南向北-小井西路至复兴路_131_morning
西四环中路-南向北-小井西路至复兴路_131_morning	15685168510	116.283543,39.884973,116.282961,39.886517,116.282919,39.886616,116.282903,39.886677,116.282848,39.886812,116.282718,39.887154	12.47019432	5.773767286	0.253	10	0.716607143	2.582812763	39.8533669	西四环中路-南向北-小井西路至复兴路_131_morning
西四环中路-南向北-小井西路至复兴路_131_morning	15685169430	116.280644,39.905725,116.280654,39.906403,116.280655,39.906573,116.280656,39.906742,116.280665,39.908215,116.280665,39.908307	16.03603104	4.620220541	0.287	10	0.716607143	2.582812763	39.8533669	西四环中路-南向北-小井西路至复兴路_131_morning
西四环中路-南向北-小井西路至复兴路_131_morning	15685169610	116.282718,39.887154,116.282303,39.888245	17.7874397	4.053422034	0.126	10	0.716607143	2.582812763	39.8533669	西四环中路-南向北-小井西路至复兴路_131_morning
西四环中路-南向北-小井西路至复兴路_131_morning	15685169700	116.280665,39.908307,116.280672,39.909809,116.280673,39.909994,116.280674,39.91007,116.280675,39.910187,116.280675,39.910244	24.33902061	3.044083047	0.215	10	0.716607143	2.582812763	39.8533669	西四环中路-南向北-小井西路至复兴路_131_morning
朱各庄路-双向-万寿庄路至万寿路_131_morning	15257706750	116.294427,39.925864,116.295636,39.925817	9.921988645	4.305588479	0.103	10	0.124223068	2.68424464	24.29351752	朱各庄路-双向-万寿庄路至万寿路_131_morning
朱各庄路-双向-万寿庄路至万寿路_131_morning	15257791830	116.30044,39.92518,116.302139,39.924787	5.734962679	6.545814175	0.15	10	0.124223068	2.68424464	24.29351752	朱各庄路-双向-万寿庄路至万寿路_131_morning
朱各庄路-双向-万寿庄路至万寿路_131_morning	15258906121	116.30044,39.92518,116.298178,39.925617	22.8353528	1.921581873	0.198	10	0.124223068	2.68424464	24.29351752	朱各庄路-双向-万寿庄路至万寿路_131_morning
朱各庄路-双向-万寿庄路至万寿路_131_morning	15260087111	116.298178,39.925617,116.297391,39.925744,116.295636,39.925817	24.18321848	1.741290145	0.218	10	0.124223068	2.68424464	24.29351752	朱各庄路-双向-万寿庄路至万寿路_131_morning